;+
; fundamental constants
;-

e = 1.60217656535d-19				; elementary charge
h = 6.6260695729d-34				; planck constant
c = 299792458d						; speed of light
k = 1.380648813d-23					; boltzmann constant
m_e = 9.1093821545d-31				; electron rest mass
m_u = 1.66053892173d-27				; unified atomic mass unit (kg)
m_atomic_Na = 22.989769282d			; atomic mass of sodium
pc = 3.08567758d16					; parsec in SI unit
epsilon = 8.85418782d-12			; permittivity of free space
